#Reference_date
1/2/1979 12:00:00

#Sources
AM_241, 1Q165, 11.92, 5
BA_133, 1R152, 10.82, 4.8
CS_137, 1S288, 12.41, 3.7
CO_60, 1U224, 11.32, 1.9

#Properties
AM, alpha, 2
432.2, 6
1173.228, 1332.492
3, 4
0.9985, 0.999826
3, 6

BA, EC, 7
10.537, 3
53.1622, 79.6142, 80.9979, 276.3989, 302.8508, 356.0129, 383.8485
6, 12, 11, 12, 5, 7, 12
0.0214, 0.0265, 0.329, 0.0716, 0.1834, 0.6205, 0.0894
3, 5, 3, 5, 13, 19, 6

CS, beta-, 1
30.09, 11
661.657
3
0.0894
6

CO, beta-, 2
5.2714, 5
1173.228, 1332.492
3, 4
0.9985, 0.999826
3, 6
