$SPEC_ID:
No sample description was entered.
$SPEC_REM:
DET# 2
DETDESC# SPACESCIENCE8 digiBASE-RH SN 15121449
AP# Maestro Version 7.01
$DATE_MEA:
10/02/2024 14:53:41
$MEAS_TIM:
148 150
$DATA:
0 1023
       0
       0
       0
       0
       0
       0
       0
       0
       0
       0
     501
    1938
    2218
    2123
    2108
    1897
    1713
    1388
    1213
     957
     843
     687
     650
     630
     564
     543
     546
     527
     616
     588
     595
     580
     602
     599
     667
     651
     653
     715
     648
     684
     637
     689
     711
     711
     695
     659
     689
     689
     721
     725
     700
     755
     709
     691
     734
     756
     764
     740
     791
     733
     796
     731
     760
     777
     735
     800
     759
     769
     804
     766
     735
     780
     706
     753
     779
     772
     755
     801
     793
     825
     863
     835
     817
     861
     912
     923
     941
     881
     925
     951
     932
     972
     963
     929
     943
    1014
    1027
    1000
     993
     988
    1040
     995
     951
     996
     972
    1043
     969
     968
     994
    1018
     973
     986
    1000
     941
     948
     932
     926
     939
     988
     992
     920
     875
     965
     855
     904
     867
     849
     911
     831
     856
     863
     847
     803
     776
     827
     815
     781
     804
     745
     746
     799
     727
     786
     687
     747
     707
     707
     648
     687
     676
     671
     672
     625
     667
     654
     662
     592
     588
     578
     554
     611
     576
     548
     598
     570
     574
     569
     497
     559
     516
     572
     502
     539
     522
     520
     490
     499
     528
     519
     455
     485
     465
     475
     462
     418
     421
     463
     451
     452
     403
     399
     411
     392
     413
     400
     432
     384
     408
     386
     436
     360
     388
     408
     359
     381
     341
     356
     365
     348
     424
     334
     354
     362
     359
     351
     337
     347
     331
     384
     322
     338
     288
     313
     277
     326
     286
     297
     270
     258
     322
     270
     283
     242
     269
     275
     228
     245
     227
     234
     239
     219
     186
     190
     200
     195
     205
     163
     191
     183
     182
     158
     152
     167
     161
     155
     170
     158
     148
     179
     146
     163
     136
     156
     159
     151
     162
     165
     147
     175
     171
     165
     164
     174
     197
     219
     201
     231
     226
     236
     268
     265
     283
     306
     325
     331
     356
     403
     453
     483
     525
     579
     666
     686
     744
     841
     951
    1021
    1069
    1192
    1258
    1426
    1542
    1734
    1773
    1929
    2041
    2196
    2342
    2529
    2716
    2905
    3118
    3079
    3330
    3450
    3738
    3828
    3895
    4071
    4108
    4201
    4287
    4444
    4490
    4644
    4475
    4611
    4611
    4645
    4592
    4481
    4426
    4493
    4299
    4279
    4155
    3981
    3829
    3673
    3612
    3444
    3269
    3213
    3024
    2703
    2665
    2475
    2284
    2183
    2144
    1834
    1801
    1495
    1448
    1362
    1234
    1121
    1015
     918
     836
     741
     659
     580
     553
     486
     416
     378
     293
     301
     248
     242
     185
     168
     135
     113
      98
      88
      80
      62
      62
      64
      41
      39
      39
      28
      29
      24
      25
      26
      19
      12
      16
      14
      12
      20
       9
       9
       9
      11
      13
      13
       6
       9
       5
      10
       6
       5
       6
       8
      10
      12
       5
       9
       4
      12
      11
       6
       8
      10
      13
       5
       7
       8
       7
      11
       6
       8
       9
      11
       7
       8
       7
       9
      10
      11
       8
       5
       4
       7
      12
       8
       8
       8
       5
       9
       3
       5
       5
       9
       8
       9
       9
       9
      11
       4
       3
      13
       5
       6
       5
      11
       5
       8
       1
       5
       8
      10
       8
       1
       9
       5
       7
       7
       3
       7
       8
       7
       7
       9
       8
       7
       5
       3
      10
       7
       6
       8
       3
       5
       3
       9
       6
       9
       7
       7
       5
       8
       3
       6
       7
       3
      12
       8
       8
       9
       4
       6
       3
       3
       5
       5
       3
       7
       9
       6
       7
       5
       6
       5
       5
       4
       2
       3
       4
       3
       2
       5
       4
       5
      10
       5
       2
       6
       3
       5
       4
       4
      11
       5
      11
       7
       3
       7
       4
       2
       5
       3
       6
       8
       5
       6
       2
       4
       2
       5
       6
       5
      10
       3
       8
       4
       5
       4
       5
       4
       5
       4
       2
       5
       3
       4
       5
       9
       5
       3
       6
       2
       3
      12
       9
       4
       5
       5
       7
       5
       5
       5
       7
       8
       8
       4
       7
       3
       3
       5
       1
       3
       7
       5
       5
       6
       5
       2
       7
       3
       3
      10
       4
       5
       3
       3
       5
       6
       4
       9
       7
       6
       7
       5
       7
       5
       3
       3
       5
       6
      10
       9
       2
       3
       5
       7
       7
       5
       4
       7
       9
       3
       4
       7
       4
       8
       6
       4
       6
       6
       2
       9
       7
       5
       7
       5
       5
       1
       5
       3
       4
       8
       4
       3
       6
       3
       3
       2
       3
       4
       5
       3
       6
       5
       7
       6
       2
       2
       3
       2
       0
       1
       6
       3
       3
       4
       1
       4
       4
       2
       4
       1
       5
       3
       2
       3
       3
       4
       3
       2
       2
       2
       2
       4
       6
       3
       3
       2
       6
       1
       5
       3
       5
       2
      12
       1
       2
       6
       4
       6
       4
       6
       7
       7
       5
       5
      12
      11
       4
       4
       7
       4
       4
       4
       6
       1
       5
       6
       0
       3
       7
       6
       6
       7
       1
       7
       2
       3
       5
       5
       4
       7
       5
       3
       4
       2
       5
       3
       1
       2
       3
       3
       3
       2
       2
       8
       2
       3
       2
       2
       1
       0
       0
       1
       2
       2
       0
       3
       2
       3
       3
       1
       1
       1
       3
       1
       1
       0
       0
       1
       5
       0
       0
       0
       2
       1
       1
       1
       0
       0
       0
       0
       1
       0
       0
       0
       0
       0
       0
       1
       0
       1
       0
       0
       2
       0
       2
       2
       1
       1
       1
       0
       2
       1
       0
       0
       2
       0
       1
       0
       0
       3
       1
       0
       0
       1
       0
       2
       0
       0
       1
       0
       0
       1
       2
       0
       0
       1
       0
       0
       2
       1
       1
       0
       0
       1
       1
       0
       0
       2
       0
       0
       1
       2
       1
       0
       1
       0
       1
       2
       0
       4
       1
       0
       0
       1
       1
       2
       1
       0
       1
       1
       0
       0
       4
       1
       3
       1
       1
       3
       0
       1
       2
       1
       0
       0
       0
       0
       0
       1
       1
       2
       1
       0
       1
       1
       0
       2
       0
       1
       1
       0
       1
       1
       0
       1
       1
       0
       0
       0
       0
       2
       0
       0
       1
       0
       1
       2
       0
       2
       2
       1
       0
       0
       1
       0
       0
       1
       0
       0
       0
       2
       1
       3
       0
       2
       0
       0
       0
       2
       0
       0
       1
       0
       0
       1
       1
       0
       0
       0
       0
       1
       0
       0
       1
       0
       0
       0
       0
       1
       0
       0
       0
       1
       1
       0
       0
       0
       0
       1
       0
       0
       1
       0
       0
       0
       1
       0
       1
       0
       0
       2
       0
       0
       0
       0
       0
       0
       0
       1
       0
       0
       0
       0
       0
       1
       0
       0
       0
       1
       2
       0
       0
       0
       0
       0
       1
       0
       0
       2
       0
       0
       0
       0
       0
       1
       0
       0
       1
$ROI:
0
$PRESETS:
None
0
0
$ENER_FIT:
0.000000 2.191293
$MCA_CAL:
3
0.000000E+000 2.191293E+000 0.000000E+000 keV
$SHAPE_CAL:
3
1.167119E+001 0.000000E+000 0.000000E+000
