$SPEC_ID:
No sample description was entered.
$SPEC_REM:
DET# 2
DETDESC# SPACESCIENCE8 digiBASE-RH SN 15121449
AP# Maestro Version 7.01
$DATE_MEA:
10/02/2024 16:07:09
$MEAS_TIM:
150 152
$DATA:
0 1023
       0
       0
       0
       0
       0
       0
       0
       0
       0
       0
    1413
    4462
    4003
    3605
    3797
    4484
    5833
    7518
    9918
   12669
   15619
   18817
   21641
   24162
   25973
   26908
   26438
   25374
   23349
   20710
   17848
   14647
   11900
    9106
    6915
    5138
    3537
    2554
    1746
    1183
     872
     590
     444
     347
     300
     251
     264
     239
     202
     188
     184
     173
     174
     167
     159
     162
     143
     110
     128
     136
     115
     112
      94
     109
     115
      85
      97
      89
      98
      77
      90
      88
      75
      89
      82
      76
      75
      74
      68
      91
      65
      64
      66
      58
      57
      71
      61
      68
      62
      51
      61
      66
      51
      66
      58
      58
      64
      55
      64
      64
      54
      56
      57
      47
      57
      39
      61
      38
      58
      50
      47
      38
      42
      40
      54
      39
      38
      34
      47
      64
      41
      34
      40
      47
      39
      43
      42
      42
      32
      29
      45
      30
      35
      39
      42
      21
      37
      39
      27
      38
      30
      20
      42
      29
      36
      27
      26
      36
      32
      22
      28
      33
      30
      24
      22
      25
      29
      20
      24
      29
      23
      26
      23
      28
      25
      29
      33
      22
      24
      22
      17
      12
      20
      12
      29
      17
      16
      17
      25
      22
      23
      11
      20
      22
      20
      14
      18
      22
      26
      17
      17
      25
      13
      17
      15
       9
      19
      20
      17
      17
      12
      17
      16
      16
      15
      13
      14
      15
      18
      13
      15
      16
      14
      16
       9
      11
      20
      13
      14
      13
      13
      13
      10
      12
      12
      13
      10
       7
       6
      15
      13
      11
       7
      11
      14
       7
      10
      11
      11
      12
      14
      14
      12
      14
      10
      15
      13
       8
      12
      12
      10
      10
      15
      15
       8
      13
      13
       6
       4
      13
       9
      15
      15
      11
      13
       8
      12
       9
       8
      12
      11
      14
      14
       6
      11
       8
      11
       8
       8
      10
      16
      17
      16
      13
      20
      11
      16
      13
      19
      18
      18
      14
      15
      14
      15
      11
      14
      14
      10
      11
      17
      14
      22
      10
      22
      14
      21
      18
      21
      24
      19
      11
      18
      22
      26
      15
      15
      17
      22
      16
      14
      26
      13
      13
      19
      18
      13
      18
      17
      18
      14
      19
      24
      14
      17
      21
      14
       9
      18
      12
      12
      13
      15
       7
      13
       8
       6
      11
      12
       4
       6
       6
       6
       7
       9
       8
       9
       4
       5
       9
       5
       6
       8
       5
       5
      10
       6
       5
       6
       5
       6
       7
       4
       7
       3
       6
       6
       7
       2
       8
      12
       7
       3
       7
       5
       5
       3
       6
       6
       4
       3
       3
       7
       4
       2
       8
       3
       1
       6
       4
       4
       2
       6
       8
       4
       5
       1
       4
       5
       6
       3
       4
       3
       4
       1
       3
       6
       7
       6
       9
       8
       3
       3
       6
       5
       2
       2
       5
       5
       5
       2
       3
       6
       2
       4
       6
       4
       9
       5
       8
       2
       4
       3
       1
       6
       5
       5
       6
       1
       6
       3
       3
       5
       8
       2
       6
       3
       5
       1
       1
       4
       3
       2
       0
       3
       5
       2
       4
       2
       4
       4
       4
       2
       3
       2
       6
       3
       6
       2
       4
       1
       5
       3
       3
       2
       3
       1
       3
       1
       4
       4
       3
       3
       1
       3
       4
       2
       0
       2
       7
       4
       2
       3
       2
       3
       2
       4
       1
       3
       1
       6
       0
       4
       1
       1
       4
       3
       3
       3
       1
       1
       1
       3
       1
       1
       3
       2
       0
       1
       2
       2
       4
       0
       3
       4
       5
       4
       4
       2
       5
       3
       1
       2
       1
       2
       1
       5
       5
       5
       3
       3
       5
       2
       4
       2
       2
       4
       3
       5
       3
       2
       4
       1
       2
       1
       3
       5
       5
       3
       1
       4
       4
       4
       4
       2
       0
       2
       2
       3
       1
       2
       3
       4
       3
       0
       3
       1
       8
       0
       2
       2
       2
       3
       3
       2
       1
       0
       1
       2
       1
       0
       2
       2
       1
       2
       3
       4
       1
       2
       3
       1
       2
       1
       1
       2
       2
       2
       4
       1
       4
       2
       1
       2
       0
       4
       2
       3
       2
       0
       2
       1
       4
       2
       1
       1
       2
       2
       2
       2
       0
       1
       0
       1
       2
       1
       2
       1
       0
       2
       0
       1
       1
       1
       4
       2
       2
       3
       2
       0
       3
       1
       0
       2
       0
       3
       0
       6
       4
       1
       2
       3
       2
       2
       4
       4
       3
       0
       3
       0
       2
       0
       3
       4
       2
       1
       9
       2
       3
       2
       4
       2
       6
       2
       2
       5
       8
       3
       3
       1
       3
       5
       6
       3
       2
      11
       2
       3
       4
       2
       6
       5
       2
       4
       6
       5
       6
       6
       3
       2
       3
       3
       7
       5
       6
       3
       7
       4
       7
       4
       6
       8
       7
       5
       3
       7
       2
       4
       7
       9
       8
       2
       5
       4
       4
       3
       3
       2
       2
       5
       1
       3
       5
       1
       1
       0
       1
       2
       2
       2
       3
       0
       3
       1
       1
       2
       1
       2
       1
       3
       0
       3
       1
       1
       1
       0
       1
       1
       1
       2
       0
       2
       3
       2
       0
       3
       1
       0
       2
       0
       2
       1
       0
       0
       1
       2
       0
       2
       0
       1
       1
       0
       0
       0
       0
       0
       1
       0
       0
       1
       0
       0
       0
       0
       0
       1
       0
       0
       1
       0
       1
       0
       1
       0
       1
       4
       2
       3
       1
       0
       2
       0
       2
       2
       0
       2
       0
       2
       2
       3
       1
       3
       0
       1
       1
       1
       0
       0
       1
       0
       0
       2
       1
       0
       0
       1
       1
       1
       0
       2
       0
       2
       2
       1
       1
       1
       1
       2
       1
       0
       0
       0
       3
       4
       0
       0
       1
       0
       1
       0
       0
       0
       0
       1
       1
       0
       1
       0
       1
       2
       2
       0
       0
       1
       0
       0
       4
       2
       0
       0
       0
       0
       1
       0
       0
       1
       1
       0
       2
       0
       1
       2
       1
       0
       2
       0
       0
       1
       0
       0
       0
       2
       0
       0
       0
       0
       0
       0
       0
       0
       0
       0
       1
       0
       0
       0
       2
       0
       0
       0
       0
       1
       0
       2
       1
       0
       1
       2
       0
       0
       1
       0
       0
       0
       1
       0
       0
       0
       1
       0
       1
       0
       1
       0
       0
       0
       0
       0
       0
       0
       0
       0
       0
       0
       2
       0
       1
       0
       1
       0
       0
       0
       2
       1
       0
       0
       0
       0
       0
       0
       0
       0
       0
       1
       1
       0
       0
       0
       0
       0
       0
       0
       0
       0
       0
       0
       1
       1
       1
       2
       1
       1
       0
       0
       1
       0
       0
       1
       0
       0
       0
       0
       0
       0
       1
$ROI:
0
$PRESETS:
None
0
0
$ENER_FIT:
0.000000 2.191293
$MCA_CAL:
3
0.000000E+000 2.191293E+000 0.000000E+000 keV
$SHAPE_CAL:
3
1.167119E+001 0.000000E+000 0.000000E+000
