$SPEC_ID:
No sample description was entered.
$SPEC_REM:
DET# 2
DETDESC# SPACESCIENCE8 digiBASE-RH SN 15121449
AP# Maestro Version 7.01
$DATE_MEA:
10/02/2024 14:49:43
$MEAS_TIM:
150 152
$DATA:
0 1023
       0
       0
       0
       0
       0
       0
       0
       0
       0
       0
     519
    2151
    2394
    2524
    2358
    2139
    1868
    1567
    1278
    1040
     858
     690
     646
     581
     532
     509
     517
     482
     484
     511
     553
     543
     546
     583
     621
     609
     600
     663
     632
     682
     588
     660
     604
     598
     672
     603
     631
     641
     659
     660
     649
     663
     634
     629
     646
     677
     673
     660
     675
     721
     694
     679
     679
     720
     694
     710
     673
     681
     696
     681
     690
     684
     691
     731
     721
     694
     690
     721
     721
     757
     745
     743
     747
     760
     778
     787
     829
     836
     849
     814
     912
     867
     888
     880
     861
     868
     902
     895
     934
     839
     878
     870
     928
     908
     892
     964
     921
     864
     867
     912
     882
     878
     894
     923
     876
     891
     878
     920
     849
     818
     800
     817
     821
     837
     767
     797
     849
     791
     750
     754
     786
     780
     772
     777
     754
     748
     717
     710
     660
     717
     691
     660
     699
     670
     641
     656
     631
     620
     600
     608
     610
     631
     545
     627
     600
     619
     540
     561
     553
     541
     515
     492
     509
     522
     488
     461
     440
     487
     517
     453
     452
     446
     444
     445
     462
     405
     448
     398
     416
     424
     437
     394
     406
     417
     388
     384
     381
     380
     384
     334
     366
     346
     367
     330
     357
     351
     319
     349
     336
     290
     319
     350
     343
     330
     300
     318
     311
     344
     286
     314
     299
     279
     328
     318
     272
     257
     296
     270
     258
     305
     277
     274
     266
     224
     238
     230
     224
     277
     261
     219
     215
     244
     190
     239
     242
     203
     186
     184
     168
     193
     203
     147
     157
     176
     150
     150
     145
     149
     149
     151
     140
     137
     106
     125
     115
     114
     119
     140
     132
     128
     123
     101
     136
     120
     131
     141
     115
     155
     128
     133
     136
     128
     166
     184
     156
     155
     180
     209
     184
     196
     224
     227
     285
     283
     277
     301
     367
     381
     378
     458
     511
     525
     605
     666
     723
     760
     866
     924
    1088
    1137
    1251
    1343
    1468
    1560
    1686
    1825
    1923
    2091
    2257
    2553
    2707
    2741
    2897
    3061
    3241
    3361
    3502
    3726
    3715
    3819
    4101
    3937
    4247
    4358
    4306
    4365
    4471
    4401
    4397
    4459
    4325
    4330
    4276
    4149
    4059
    3982
    3816
    3830
    3586
    3548
    3359
    3136
    3045
    2907
    2736
    2651
    2489
    2233
    2160
    2071
    1805
    1722
    1672
    1524
    1355
    1235
    1084
    1014
     920
     839
     781
     698
     653
     532
     508
     449
     363
     335
     276
     255
     222
     194
     167
     168
     131
     105
     101
      95
      94
      68
      60
      47
      51
      41
      44
      26
      26
      18
      13
      16
      17
      18
      13
      12
      16
       5
      16
      12
      11
       9
       7
       5
       8
       5
      12
       6
      10
       5
       3
      10
       6
      12
      14
       8
       6
       9
       8
       6
       5
       7
      12
       8
       6
      10
      12
      18
       2
      10
      10
       8
       5
       5
       5
       7
       6
       7
      15
       8
       8
      11
       5
       6
       8
       6
      10
       7
      10
      13
      11
       7
       8
       5
       7
       9
       4
       7
       5
       6
       8
       7
       2
       7
       5
       3
       5
      11
       6
       7
       5
       8
       9
      10
       7
       5
      11
      11
       7
      12
       8
       9
       7
       7
      14
      10
       7
       8
       5
       5
       5
       4
       2
       2
       6
       2
       6
       6
       6
       7
       6
       6
       5
       1
       5
       6
       6
       8
       5
       4
       8
       4
       3
       6
       1
       3
       2
       4
       2
       2
       4
       5
       7
       3
       1
       3
       5
       1
       4
       7
       3
       5
       4
       4
       5
       4
       5
       1
       5
       6
       5
       5
       4
       5
       4
       4
       4
       3
       2
       4
       4
       5
       4
       5
       0
       4
       5
       1
       3
       4
       2
       4
       6
       4
       3
       5
       9
       3
       4
       2
       7
       1
       4
       5
       3
       5
       4
       2
       5
       3
       3
       2
       2
       5
       3
       4
       6
       5
       4
       3
       3
       6
       6
       4
       1
       2
       4
       3
       5
       4
       5
       5
       3
       5
       6
       7
       8
       5
       4
       2
       8
       5
       6
       5
       3
       8
       6
       9
       8
       5
       2
       2
       4
       4
       2
       7
       3
       4
       5
       6
       5
       6
       2
       3
      10
       4
       7
       5
       0
       6
       4
       7
       7
       4
       1
       6
       3
       4
       3
       3
       4
       6
       4
       4
       3
       4
       7
       1
       3
       1
       1
       5
       4
       4
       6
       3
       2
       6
       4
       2
       4
       5
       6
       6
       4
       3
       2
       2
       5
       3
       0
       5
       6
       2
       3
       2
       3
       4
       4
       1
       2
       1
       4
       3
       1
       3
       4
       3
       2
       2
       4
       2
       6
       3
       3
       2
       4
       5
       2
       4
       2
       2
       4
       3
       1
       2
       6
       4
       6
       6
       4
      10
       6
       5
       2
       5
       5
       2
       4
       5
       1
       5
       6
       2
       4
       5
       5
       2
       6
       7
       6
       2
       5
       3
       5
       5
       3
       7
       2
       3
       3
       6
       4
       7
       3
       1
       4
       6
      11
       2
       2
       4
       2
       4
       3
       0
       4
       2
       1
       1
       1
       0
       1
       1
       2
       4
       0
       3
       0
       1
       1
       2
       3
       2
       0
       0
       2
       2
       0
       0
       1
       1
       2
       1
       1
       0
       0
       2
       0
       1
       3
       1
       0
       0
       0
       1
       2
       2
       0
       0
       2
       1
       1
       0
       0
       0
       0
       2
       1
       0
       2
       0
       1
       1
       0
       2
       0
       1
       0
       1
       0
       1
       1
       1
       3
       1
       3
       0
       1
       3
       0
       0
       0
       0
       1
       0
       2
       1
       0
       1
       0
       2
       0
       0
       1
       0
       2
       3
       0
       4
       2
       1
       0
       2
       2
       2
       0
       2
       1
       1
       0
       2
       1
       0
       1
       2
       1
       1
       3
       1
       0
       3
       2
       2
       3
       0
       1
       0
       2
       2
       2
       1
       1
       1
       0
       0
       1
       2
       1
       0
       2
       1
       0
       0
       1
       1
       0
       2
       1
       1
       0
       0
       1
       0
       1
       0
       0
       1
       1
       0
       1
       0
       1
       1
       1
       1
       0
       0
       1
       1
       0
       3
       1
       0
       0
       0
       0
       1
       0
       0
       1
       0
       1
       1
       0
       1
       1
       0
       0
       0
       0
       1
       0
       0
       1
       0
       0
       0
       0
       0
       1
       0
       0
       1
       0
       0
       0
       0
       0
       1
       1
       0
       0
       0
       0
       0
       1
       0
       0
       1
       0
       0
       0
       1
       1
       0
       0
       1
       0
       1
       0
       0
       0
       1
       1
       0
       0
       0
       0
       0
       0
       0
       1
       0
       0
       1
       1
       0
       1
       1
       0
       0
       0
       1
       0
       0
       1
       1
       0
       0
       1
       0
       1
       0
       0
       0
$ROI:
0
$PRESETS:
None
0
0
$ENER_FIT:
0.000000 2.191293
$MCA_CAL:
3
0.000000E+000 2.191293E+000 0.000000E+000 keV
$SHAPE_CAL:
3
1.167119E+001 0.000000E+000 0.000000E+000
