$SPEC_ID:
No sample description was entered.
$SPEC_REM:
DET# 2
DETDESC# SPACESCIENCE8 digiBASE-RH SN 15121449
AP# Maestro Version 7.01
$DATE_MEA:
10/02/2024 16:09:58
$MEAS_TIM:
148 150
$DATA:
0 1023
       0
       0
       0
       0
       0
       0
       0
       0
       0
       0
    1103
    3751
    3434
    3141
    3421
    4111
    5280
    6828
    9123
   11730
   14387
   17629
   20665
   22631
   24373
   25377
   24796
   23860
   21961
   19530
   16561
   13547
   11177
    8642
    6521
    4821
    3330
    2516
    1651
    1233
     794
     580
     427
     377
     267
     237
     243
     207
     191
     186
     156
     182
     181
     180
     151
     136
     124
     121
     110
      94
     104
     121
     103
      97
      90
      92
      96
      89
      73
      75
      75
      68
      78
      73
      77
      73
      78
      68
      72
      73
      63
      96
      64
      63
      77
      67
      47
      77
      70
      62
      55
      60
      47
      56
      60
      49
      67
      57
      47
      63
      64
      61
      54
      55
      40
      53
      40
      46
      47
      47
      44
      37
      57
      48
      35
      48
      44
      41
      44
      49
      36
      29
      38
      37
      38
      43
      42
      32
      45
      40
      32
      30
      37
      37
      34
      46
      32
      41
      35
      30
      42
      37
      24
      20
      20
      26
      22
      31
      23
      25
      27
      35
      39
      30
      31
      24
      15
      30
      33
      27
      25
      27
      39
      35
      20
      27
      19
      28
      16
      30
      19
      17
      20
      27
      19
      19
      15
      35
      23
      16
      19
      18
      21
      18
      19
      23
      28
      17
      18
      14
      12
      18
      20
      19
      13
      18
      19
      24
      11
      14
      18
      10
      15
      15
      18
      11
      16
       9
      13
      21
      14
      17
      11
      16
       9
      23
      11
      17
      15
      14
      11
      15
      11
      12
       8
      10
      14
      17
       9
       8
      20
       9
      13
      12
       8
      14
      12
       7
       7
      12
      13
      14
      12
      15
      11
      16
      11
      14
      13
      12
      10
       8
      21
       8
      10
      14
      10
      15
       9
      18
      12
       9
      12
       7
      14
      12
       6
       9
      14
      11
      12
       7
      10
       8
      14
      10
       3
      13
      10
      11
      12
      12
      14
      11
      14
      16
       9
      11
      12
      12
      16
      15
      15
      11
      13
      20
      20
       9
      19
       6
      12
      12
      15
      15
      10
      14
      14
      15
      14
      19
      17
      15
      12
      23
      20
      11
      16
      22
      23
      14
      16
      28
      16
      20
      18
      20
       9
      14
      16
       7
      14
      22
      21
      13
      13
      11
      13
      21
      12
      11
      15
      15
      12
      13
       6
      11
       7
      12
       7
       8
       6
       6
       8
       5
       3
       7
       9
       8
       4
       6
       3
       6
       2
      11
       5
       6
       7
       5
       8
       4
       3
       2
       4
       6
       6
       7
       7
       8
       4
       6
       2
       7
       5
       4
       7
       8
       4
       2
       5
       4
       2
       3
       3
       5
       6
       2
       6
       5
       5
       5
       4
       5
       1
       4
       3
       3
       2
       2
       7
       1
       3
       4
       2
       5
       4
       3
       4
       1
       7
       5
       6
       5
       3
       5
       6
       7
       7
       8
       2
       4
       2
       1
       3
       4
       6
       5
       4
       4
       6
       4
       4
       3
       3
       7
       7
      10
       5
       4
       7
       6
       2
       4
       2
       3
       6
       6
       2
       5
       6
       5
       3
       2
       5
       4
       3
       7
       6
       9
       1
       5
       4
       9
       4
       4
       3
       4
       3
       5
       1
       6
       2
       3
       3
       4
       2
       2
       4
       5
       5
       4
       4
       1
       5
       3
       3
       1
       2
       4
       4
       2
       2
       5
       6
       2
       3
       2
       3
       8
       4
       1
       1
       1
       2
       1
       3
       2
       4
       1
       1
       3
       1
       1
       6
       1
       2
       2
       2
       4
       2
       2
       3
       4
       3
       0
       4
       3
       3
       2
       2
       2
       2
       1
       1
       3
       3
       0
       1
       3
       2
       2
       5
       3
       5
       1
       1
       2
       0
       2
       2
       2
       4
       5
       9
       5
       2
       4
       1
       0
       4
       3
       3
       4
       2
       2
       0
       3
       3
       2
       3
       3
       8
       3
       3
       2
       2
       6
       2
       3
       2
       1
       1
       0
       3
       2
       6
       1
       3
       1
       3
       3
       1
       1
       3
       1
       2
       1
       1
       3
       0
       4
       1
       3
       1
       1
       4
       2
       1
       3
       4
       6
       2
       3
       3
       1
       2
       1
       0
       2
       2
       5
       4
       4
       4
       3
       0
       0
       4
       1
       3
       3
       1
       0
       3
       1
       3
       1
       1
       2
       1
       1
       1
       0
       2
       2
       1
       2
       1
       0
       3
       4
       0
       1
       0
       1
       2
       0
       3
       2
       0
       3
       3
       5
       1
       2
       1
       3
       2
       2
       3
       2
       3
       2
       3
       2
       4
       7
       4
       5
       4
       3
       2
       2
       4
       3
       5
       4
       3
       3
       2
       3
       6
       3
       7
       6
       4
       4
       4
       5
       6
       4
       1
       4
       4
       3
       2
       2
       9
       4
       3
       3
       5
       4
       4
       8
       9
       5
       7
       7
       1
       5
       8
       3
       9
       5
       1
       4
       5
       6
      10
       3
       5
       6
       7
       3
       1
       3
       3
       8
       2
       2
       8
       4
       2
       4
       3
       2
       1
       4
       3
       3
       3
       2
       3
       1
       1
       4
       2
       2
       2
       1
       1
       4
       1
       1
       3
       1
       2
       0
       2
       0
       0
       0
       0
       1
       0
       2
       0
       0
       0
       2
       1
       0
       0
       3
       1
       1
       0
       2
       0
       1
       1
       0
       2
       1
       0
       0
       2
       2
       1
       0
       0
       3
       2
       2
       0
       2
       1
       1
       0
       1
       2
       1
       1
       1
       1
       0
       1
       0
       1
       0
       1
       0
       0
       0
       0
       2
       0
       1
       1
       0
       1
       1
       2
       3
       0
       1
       2
       0
       1
       0
       1
       1
       0
       2
       1
       1
       0
       1
       0
       3
       0
       2
       1
       0
       1
       1
       2
       1
       0
       0
       0
       2
       2
       0
       0
       1
       0
       1
       0
       2
       1
       0
       0
       3
       3
       1
       2
       0
       2
       1
       1
       1
       0
       1
       1
       2
       1
       0
       0
       1
       0
       0
       3
       1
       0
       1
       0
       0
       1
       1
       1
       0
       0
       2
       0
       0
       1
       0
       0
       1
       2
       0
       1
       0
       0
       2
       0
       1
       2
       0
       1
       0
       0
       1
       1
       0
       0
       0
       1
       1
       0
       0
       1
       0
       0
       0
       0
       0
       1
       0
       0
       0
       0
       1
       2
       0
       0
       0
       0
       1
       0
       0
       0
       1
       0
       3
       0
       0
       0
       0
       0
       0
       0
       0
       0
       0
       0
       0
       0
       0
       0
       0
       0
       0
       1
       0
       0
       1
       0
       1
       0
       0
       1
       0
       0
       0
       0
       0
       0
       0
       0
       0
       1
       0
       0
       0
       0
       0
       0
       0
       1
       0
       2
       0
       1
       0
       0
       2
       0
       1
       0
       0
       0
       0
$ROI:
0
$PRESETS:
None
0
0
$ENER_FIT:
0.000000 2.191293
$MCA_CAL:
3
0.000000E+000 2.191293E+000 0.000000E+000 keV
$SHAPE_CAL:
3
1.167119E+001 0.000000E+000 0.000000E+000
