$SPEC_ID:
No sample description was entered.
$SPEC_REM:
DET# 1
DETDESC# SPACESCIENCE4 digiBASE-RH SN 15121435
AP# Maestro Version 7.01
$DATE_MEA:
10/14/2024 15:01:12
$MEAS_TIM:
149 151
$DATA:
0 1023
       0
       0
       0
       0
       0
     743
    2763
    1831
    1102
     733
     698
     647
     780
     911
    1146
    1336
    1567
    1604
    1672
    1558
    1381
    1226
     931
     876
     733
     579
     573
     551
     465
     492
     488
     510
     529
     537
     581
     500
     523
     577
     593
     565
     571
     559
     604
     629
     709
     658
     657
     688
     676
     683
     664
     727
     728
     698
     671
     724
     750
     707
     750
     750
     771
     746
     705
     721
     731
     802
     764
     803
     766
     770
     751
     795
     757
     810
     758
     829
     764
     803
     815
     808
     799
     773
     789
     836
     767
     760
     818
     762
     743
     794
     800
     789
     786
     805
     788
     807
     878
     807
     804
     828
     879
     854
     812
     912
     830
     901
     893
     870
     881
     847
     890
     846
     917
     866
     885
     875
     886
     899
     813
     878
     870
     804
     847
     859
     905
     865
     821
     836
     818
     886
     833
     784
     817
     800
     810
     786
     780
     781
     775
     746
     730
     791
     756
     705
     701
     666
     646
     719
     744
     675
     723
     699
     683
     696
     626
     646
     708
     675
     600
     641
     630
     666
     603
     625
     620
     622
     595
     594
     574
     583
     598
     581
     552
     560
     551
     573
     538
     532
     551
     511
     560
     536
     524
     539
     517
     506
     547
     533
     484
     529
     537
     477
     522
     501
     489
     504
     508
     498
     514
     499
     452
     533
     465
     462
     481
     462
     475
     483
     458
     484
     465
     454
     492
     432
     496
     475
     463
     449
     431
     442
     457
     455
     448
     415
     421
     409
     406
     428
     429
     413
     384
     371
     385
     414
     382
     346
     353
     341
     387
     339
     317
     320
     308
     327
     292
     309
     280
     297
     268
     288
     269
     259
     223
     263
     223
     237
     222
     196
     222
     148
     215
     190
     173
     174
     199
     170
     170
     165
     155
     156
     150
     145
     154
     149
     148
     150
     150
     140
     120
     106
     135
     125
     138
     140
     130
     110
     116
     120
     120
     137
     117
     106
     134
     142
     131
     130
     133
     126
     149
     139
     144
     141
     158
     161
     187
     171
     185
     208
     226
     232
     240
     246
     258
     252
     243
     288
     279
     299
     345
     378
     388
     407
     452
     445
     490
     477
     546
     533
     542
     608
     671
     650
     717
     696
     723
     760
     774
     802
     891
     863
     880
     873
     957
     957
    1035
     952
     956
     998
    1026
    1021
    1010
    1011
    1043
    1038
    1038
     977
     985
     972
     994
     923
     955
     900
     917
     851
     835
     865
     861
     814
     772
     700
     671
     682
     646
     702
     594
     650
     534
     568
     542
     522
     517
     487
     470
     454
     436
     416
     372
     418
     382
     340
     335
     321
     311
     308
     274
     246
     257
     242
     244
     245
     215
     226
     242
     220
     197
     198
     182
     146
     160
     153
     154
     144
     155
     158
     137
     119
     126
     107
     116
     105
     111
      98
     118
      92
     102
      95
      82
      67
      88
      75
      81
      77
      74
      58
      64
      65
      65
      61
      53
      46
      55
      47
      52
      47
      38
      43
      35
      41
      29
      42
      40
      25
      34
      36
      31
      32
      32
      20
      29
      19
      28
      26
      22
      20
      10
      15
      24
      12
      19
      24
      19
      11
      16
       8
      13
      11
      13
       8
      13
       3
      10
       8
       8
       8
       6
       3
       6
       9
       5
       1
       2
       4
      10
       2
       8
       6
       2
       6
       6
       4
       2
       4
       1
       1
       5
       4
       3
       2
       2
       2
       3
       5
       0
       4
       1
       1
       2
       3
       2
       3
       5
       3
       3
       3
       0
       1
       4
       2
       2
       1
       1
       1
       0
       2
       1
       2
       1
       4
       0
       0
       3
       2
       2
       1
       2
       2
       4
       2
       1
       1
       1
       1
       5
       1
       2
       3
       2
       2
       3
       0
       0
       3
       2
       3
       1
       4
       0
       1
       1
       2
       3
       4
       1
       3
       0
       1
       0
       2
       1
       0
       1
       3
       0
       1
       2
       1
       2
       0
       0
       2
       1
       1
       2
       3
       0
       0
       1
       4
       4
       3
       1
       3
       1
       3
       2
       2
       1
       1
       1
       0
       6
       1
       3
       1
       0
       0
       0
       0
       1
       0
       2
       2
       1
       3
       2
       0
       4
       1
       0
       1
       2
       0
       1
       0
       2
       2
       1
       4
       0
       2
       0
       2
       1
       2
       4
       4
       0
       2
       2
       4
       3
       2
       0
       4
       0
       1
       0
       1
       0
       1
       0
       0
       0
       1
       1
       2
       3
       3
       4
       0
       1
       2
       2
       1
       1
       1
       2
       1
       0
       1
       1
       1
       1
       3
       0
       1
       0
       0
       0
       1
       1
       1
       0
       2
       0
       0
       1
       3
       0
       0
       0
       0
       2
       0
       0
       0
       1
       1
       0
       0
       1
       0
       0
       0
       3
       2
       3
       2
       0
       0
       0
       1
       2
       2
       2
       0
       0
       2
       1
       1
       1
       2
       0
       2
       2
       0
       3
       0
       2
       2
       2
       2
       1
       0
       0
       2
       0
       1
       2
       1
       0
       2
       1
       1
       1
       2
       0
       0
       2
       3
       1
       1
       3
       1
       2
       1
       1
       0
       0
       1
       0
       1
       0
       1
       1
       1
       2
       0
       1
       2
       3
       0
       1
       1
       0
       1
       0
       1
       0
       0
       0
       2
       3
       1
       1
       1
       1
       0
       0
       1
       1
       1
       0
       1
       0
       2
       1
       0
       1
       0
       2
       0
       0
       0
       1
       1
       0
       1
       1
       0
       0
       1
       1
       0
       2
       0
       1
       0
       1
       1
       0
       0
       1
       2
       3
       1
       0
       1
       1
       0
       1
       0
       0
       1
       0
       4
       1
       1
       1
       0
       1
       0
       1
       1
       0
       0
       0
       0
       1
       0
       0
       1
       2
       0
       0
       0
       0
       3
       0
       0
       0
       0
       1
       0
       0
       0
       0
       1
       0
       0
       1
       0
       0
       1
       0
       1
       0
       0
       1
       0
       1
       0
       0
       0
       0
       0
       0
       0
       0
       0
       0
       1
       0
       0
       0
       0
       0
       0
       0
       1
       1
       0
       0
       0
       1
       0
       0
       2
       0
       0
       0
       0
       0
       0
       0
       0
       0
       0
       0
       0
       0
       0
       1
       0
       1
       0
       0
       1
       0
       1
       0
       1
       0
       1
       0
       0
       0
       0
       2
       1
       0
       0
       1
       0
       0
       0
       0
       0
       0
       0
       0
       1
       0
       0
       1
       0
       0
       1
       0
       0
       0
       0
       3
       1
       0
       1
       0
       0
       0
       0
       0
       0
       0
       2
       0
       0
       0
       0
       0
       0
       2
       0
       0
       0
       0
       0
       0
       0
       0
       0
       0
       0
       0
       0
       0
       0
       0
       1
       0
       0
       0
       1
       0
       0
       0
       0
       0
       0
       0
       0
       0
       0
       0
       0
$ROI:
3
24 57
296 426
560 760
$PRESETS:
None
0
0
$ENER_FIT:
-8.735224 1.899029
$MCA_CAL:
3
-8.735224E+000 1.899029E+000 0.000000E+000 keV
$SHAPE_CAL:
3
6.150479E+000 1.062013E-001 0.000000E+000
