$SPEC_ID:
No sample description was entered.
$SPEC_REM:
DET# 1
DETDESC# SPACESCIENCE4 digiBASE-RH SN 15121435
AP# Maestro Version 7.01
$DATE_MEA:
10/14/2024 15:42:17
$MEAS_TIM:
149 150
$DATA:
0 1023
       0
       0
       0
       0
       0
     279
    1156
    1041
    1108
    1438
    2076
    2787
    3656
    4612
    5769
    6482
    6739
    6523
    5897
    5099
    4322
    3629
    3089
    2958
    3210
    3846
    4653
    5796
    6674
    7872
    8980
    9683
   10294
   10444
   10228
    9482
    8436
    7377
    6019
    4883
    3532
    2691
    1883
    1419
     904
     620
     390
     307
     235
     185
     130
     131
     140
     127
     118
     133
     131
     118
     121
     138
     106
     119
      98
      92
     101
     103
      95
      96
     110
      87
      77
      83
      81
      78
      90
      84
      72
      70
      94
      71
      64
      70
      63
      66
      63
      73
      66
      66
      73
      60
      65
      47
      70
      59
      68
      52
      60
      57
      47
      57
      71
      49
      58
      40
      51
      36
      45
      48
      42
      46
      44
      39
      40
      49
      39
      45
      35
      40
      36
      38
      38
      31
      31
      35
      38
      28
      27
      29
      40
      39
      46
      23
      29
      24
      30
      35
      32
      22
      29
      22
      28
      32
      31
      30
      28
      16
      20
      22
      26
      33
      22
      18
      20
      28
      31
      30
      26
      23
      24
      14
      30
      19
      27
      14
      16
      21
      12
      15
      19
      18
      16
      20
      24
      18
      16
      11
      13
      11
      13
      21
      11
      17
      16
      10
      16
      13
       9
      12
       9
      12
       8
      10
      18
       4
      11
      12
      10
      19
      18
       8
      10
      12
      17
      15
      13
       8
      13
       9
      15
      12
      10
       9
       5
      10
      13
       4
      15
      10
       6
       8
       9
       6
       9
       5
       9
       8
       8
       6
       7
       8
      13
       8
       6
       7
       4
       7
      10
       7
      11
       9
      11
       9
       8
       8
       9
       2
       1
       7
       6
       7
      10
       4
       8
      11
       8
      11
       7
       2
       5
       2
       4
       5
       5
       6
       4
       7
       4
      11
       6
       5
       9
       3
       6
       3
       2
       2
       6
       7
       4
       3
       7
       6
       5
       3
       7
       6
       3
       8
       4
       7
       8
       5
       7
       3
       7
      11
       4
       7
       7
       6
       7
       7
       3
       2
       3
       3
       5
       5
       6
       2
       5
       3
       7
       4
       6
       6
      11
       4
       5
       2
       2
       6
       9
      11
       3
       6
       7
       5
       5
       4
       8
       5
       5
       2
       8
      14
       4
       5
       5
       5
       4
       5
       4
       1
       8
       1
       5
       7
       4
       4
       1
       4
       3
       7
       5
       3
       2
       3
       4
       4
       2
       4
       5
       3
       1
       4
       6
       2
       3
       1
       2
       4
       1
       3
       6
       5
       2
       5
       5
       2
       5
       2
       1
       4
       3
       3
       0
       4
       2
       3
       3
       2
       1
       0
       1
       5
       0
       1
       2
       3
       2
       4
       4
       6
       1
       2
       2
       0
       3
       1
       3
       2
       1
       2
       3
       3
       3
       2
       4
       3
       1
       2
       1
       4
       1
       2
       2
       2
       2
       2
       1
       4
       0
       3
       0
       9
       3
       1
       1
       2
       1
       2
       2
       3
       2
       3
       4
       2
       2
       2
       5
       4
       3
       1
       2
       0
       0
       1
       3
       2
       3
       2
       2
       3
       2
       3
       2
       3
       2
       1
       2
       1
       3
       0
       2
       1
       1
       2
       0
       1
       3
       1
       1
       1
       3
       1
       0
       3
       3
       2
       2
       0
       1
       0
       2
       1
       2
       3
       0
       1
       2
       2
       0
       3
       3
       2
       2
       1
       2
       1
       1
       0
       0
       1
       1
       3
       3
       4
       3
       1
       2
       2
       0
       3
       1
       2
       1
       2
       3
       2
       1
       1
       1
       1
       0
       4
       4
       0
       1
       3
       1
       3
       2
       3
       0
       1
       2
       1
       3
       4
       4
       2
       1
       1
       1
       1
       3
       1
       4
       0
       3
       1
       1
       1
       1
       0
       0
       0
       0
       0
       1
       2
       2
       0
       0
       4
       3
       0
       2
       0
       2
       0
       0
       1
       0
       2
       1
       2
       2
       4
       0
       1
       1
       0
       2
       0
       1
       0
       1
       2
       1
       2
       2
       0
       2
       0
       1
       1
       0
       1
       2
       1
       1
       1
       0
       0
       0
       2
       1
       1
       1
       0
       2
       0
       1
       0
       1
       0
       0
       2
       2
       1
       0
       0
       1
       0
       1
       3
       0
       1
       1
       0
       1
       2
       1
       0
       1
       0
       4
       1
       1
       2
       0
       0
       1
       2
       1
       2
       0
       2
       0
       1
       2
       4
       2
       2
       0
       1
       0
       1
       0
       0
       0
       0
       1
       1
       4
       0
       4
       0
       0
       1
       3
       0
       0
       0
       1
       2
       0
       1
       0
       0
       0
       0
       2
       1
       0
       1
       0
       1
       1
       0
       0
       1
       2
       2
       0
       1
       0
       0
       0
       0
       0
       2
       1
       0
       1
       1
       2
       1
       0
       1
       0
       1
       2
       1
       0
       3
       0
       1
       0
       0
       1
       2
       1
       0
       2
       0
       0
       0
       0
       0
       1
       0
       0
       0
       2
       2
       2
       2
       0
       3
       1
       0
       2
       0
       2
       0
       1
       0
       1
       1
       1
       1
       0
       2
       0
       0
       1
       3
       0
       1
       1
       0
       1
       1
       0
       0
       0
       1
       1
       2
       0
       0
       2
       0
       0
       1
       2
       2
       0
       2
       1
       1
       1
       0
       0
       0
       1
       0
       0
       0
       0
       1
       0
       1
       1
       0
       1
       1
       0
       0
       1
       0
       0
       1
       0
       0
       4
       2
       3
       1
       1
       1
       0
       1
       0
       0
       0
       0
       0
       1
       1
       0
       0
       0
       0
       0
       0
       0
       3
       0
       0
       0
       0
       1
       0
       0
       0
       1
       1
       0
       0
       1
       0
       4
       0
       1
       1
       0
       0
       0
       1
       1
       1
       1
       1
       0
       0
       0
       0
       1
       0
       0
       0
       2
       1
       1
       1
       1
       1
       0
       0
       0
       0
       0
       0
       0
       1
       2
       0
       1
       0
       0
       3
       0
       0
       1
       0
       0
       0
       0
       0
       2
       1
       0
       0
       0
       0
       0
       0
       1
       1
       0
       0
       1
       1
       0
       0
       0
       1
       0
       0
       1
       0
       0
       0
       1
       1
       1
       0
       1
       0
       1
       0
       0
       0
       0
       0
       0
       0
       0
       0
       0
       0
       0
       1
       0
       0
       0
       1
       0
       0
       0
       0
       1
       0
       0
       1
       1
       0
       0
       0
       0
       0
       0
       0
       0
       0
       0
       0
       0
       0
       0
       0
       0
       0
       0
       0
       0
       0
       0
       2
       0
       0
       1
       0
       0
       0
       0
       1
       0
       0
       0
       1
       0
       0
       0
       1
       0
       0
       0
       0
       0
       0
       0
       0
       0
       1
       0
       0
       0
       0
       0
       0
       0
       0
       0
       2
       0
       0
       1
       0
       0
$ROI:
3
24 57
296 426
560 760
$PRESETS:
None
0
0
$ENER_FIT:
-8.735224 1.899029
$MCA_CAL:
3
-8.735224E+000 1.899029E+000 0.000000E+000 keV
$SHAPE_CAL:
3
6.150479E+000 1.062013E-001 0.000000E+000
