$SPEC_ID:
No sample description was entered.
$SPEC_REM:
DET# 1
DETDESC# SPACESCIENCE4 digiBASE-RH SN 15121435
AP# Maestro Version 7.01
$DATE_MEA:
10/14/2024 14:58:07
$MEAS_TIM:
149 151
$DATA:
0 1023
       0
       0
       0
       0
       0
     680
    2516
    1691
     897
     662
     584
     569
     671
     829
    1048
    1199
    1406
    1480
    1599
    1576
    1427
    1138
     920
     787
     659
     565
     515
     468
     416
     448
     448
     484
     470
     422
     454
     467
     481
     521
     525
     515
     527
     500
     538
     580
     548
     558
     556
     548
     607
     587
     627
     633
     578
     577
     636
     626
     613
     667
     630
     657
     656
     645
     646
     705
     691
     709
     697
     613
     707
     720
     685
     683
     714
     724
     695
     693
     687
     716
     682
     707
     684
     691
     665
     692
     675
     715
     664
     721
     697
     717
     696
     716
     730
     715
     706
     715
     726
     725
     766
     746
     692
     749
     774
     788
     732
     786
     842
     780
     796
     769
     815
     810
     820
     783
     768
     778
     803
     793
     730
     693
     788
     723
     716
     801
     709
     749
     686
     739
     687
     745
     683
     705
     729
     725
     677
     727
     710
     681
     654
     681
     663
     644
     607
     637
     614
     628
     603
     600
     637
     585
     607
     593
     584
     597
     577
     576
     555
     578
     546
     526
     612
     552
     555
     550
     507
     523
     528
     516
     513
     489
     472
     519
     514
     517
     481
     488
     475
     428
     475
     465
     482
     486
     444
     444
     464
     463
     451
     468
     465
     452
     478
     412
     452
     454
     423
     475
     476
     442
     410
     448
     412
     454
     429
     413
     398
     431
     401
     401
     408
     392
     426
     375
     386
     421
     405
     406
     443
     396
     383
     382
     439
     402
     384
     391
     402
     371
     375
     386
     364
     375
     315
     295
     344
     331
     323
     360
     286
     305
     296
     275
     287
     290
     280
     315
     258
     308
     244
     227
     250
     240
     204
     199
     203
     188
     200
     202
     186
     171
     160
     150
     156
     165
     166
     165
     154
     157
     159
     125
     142
     133
     105
     116
     110
     129
     113
      95
     101
     114
     103
     107
     104
      99
     113
     124
     111
      99
      93
      91
      92
      94
     107
     100
      88
     101
      96
     118
     115
     122
     112
     138
     120
     100
     150
     133
     128
     146
     150
     189
     169
     180
     178
     194
     203
     239
     221
     262
     271
     317
     330
     325
     368
     352
     350
     412
     438
     436
     472
     491
     537
     569
     566
     613
     606
     607
     684
     669
     693
     725
     718
     766
     802
     820
     836
     832
     834
     847
     872
     907
     908
     938
     940
     948
     956
     929
     888
     948
     936
     907
     817
     883
     795
     797
     766
     789
     793
     761
     713
     702
     733
     670
     637
     658
     574
     562
     589
     523
     491
     502
     466
     478
     456
     403
     379
     412
     362
     382
     324
     311
     284
     307
     316
     264
     249
     264
     231
     247
     219
     232
     195
     178
     213
     192
     187
     179
     166
     166
     150
     137
     152
     150
     104
     127
     128
     125
     102
     101
     117
      86
     108
      83
      94
      97
      71
      80
      73
      75
      63
      76
      73
      61
      65
      46
      58
      53
      59
      56
      59
      57
      41
      44
      39
      42
      49
      42
      29
      43
      34
      29
      33
      27
      29
      34
      28
      26
      28
      35
      31
      22
      15
      29
      13
      21
      22
      21
      11
      14
      13
      15
       6
      22
       9
      10
       8
       6
      11
       9
      15
      13
       8
       9
      10
       9
       8
       4
       4
       7
       8
       1
       9
       2
       3
       3
       4
      10
       4
       3
       1
       6
       4
       4
       2
       3
       1
       4
       4
       2
       2
       9
       2
       2
       4
       0
       3
       3
       1
       2
       2
       1
       2
       1
       0
       1
       3
       1
       3
       1
       3
       0
       2
       1
       0
       3
       0
       2
       2
       2
       2
       3
       1
       1
       0
       1
       4
       2
       1
       0
       1
       3
       1
       0
       1
       3
       1
       1
       2
       0
       3
       1
       2
       3
       4
       0
       2
       3
       0
       1
       2
       1
       1
       1
       2
       0
       0
       4
       2
       0
       0
       0
       2
       1
       3
       1
       2
       1
       2
       2
       1
       0
       3
       3
       2
       1
       4
       1
       2
       2
       1
       2
       0
       1
       0
       0
       0
       1
       2
       2
       1
       2
       2
       1
       0
       3
       3
       1
       1
       0
       0
       1
       1
       3
       1
       0
       1
       1
       1
       1
       4
       1
       2
       2
       0
       3
       2
       2
       0
       2
       1
       3
       3
       1
       2
       4
       1
       2
       1
       1
       2
       1
       1
       2
       1
       0
       0
       1
       3
       1
       1
       1
       4
       2
       0
       1
       1
       2
       5
       1
       0
       0
       1
       0
       2
       3
       3
       1
       1
       0
       1
       1
       2
       1
       0
       0
       0
       2
       0
       0
       2
       1
       1
       0
       2
       2
       1
       1
       0
       1
       0
       1
       1
       1
       1
       0
       1
       1
       0
       2
       2
       1
       2
       0
       1
       1
       3
       0
       1
       0
       2
       1
       2
       1
       1
       3
       1
       1
       1
       0
       0
       0
       1
       1
       1
       1
       0
       1
       0
       1
       0
       1
       2
       1
       0
       2
       2
       0
       1
       1
       0
       0
       1
       2
       0
       0
       4
       0
       0
       2
       1
       1
       0
       0
       0
       0
       3
       1
       1
       4
       2
       1
       1
       4
       1
       0
       3
       4
       0
       2
       0
       2
       2
       2
       1
       3
       1
       1
       4
       1
       0
       0
       2
       3
       1
       1
       0
       1
       2
       1
       0
       0
       0
       0
       0
       0
       1
       0
       2
       1
       0
       1
       1
       0
       0
       2
       3
       0
       1
       0
       0
       0
       0
       0
       0
       1
       0
       0
       0
       0
       0
       0
       0
       0
       0
       0
       1
       0
       1
       1
       0
       0
       0
       3
       1
       0
       1
       0
       0
       0
       1
       0
       0
       0
       0
       0
       1
       0
       0
       1
       1
       0
       1
       0
       0
       0
       1
       0
       0
       2
       1
       0
       0
       0
       1
       0
       0
       2
       0
       0
       1
       1
       0
       0
       0
       1
       0
       1
       0
       0
       0
       0
       1
       0
       1
       0
       0
       0
       0
       2
       0
       1
       1
       1
       0
       1
       0
       0
       0
       0
       1
       0
       0
       1
       0
       0
       1
       1
       1
       1
       0
       0
       0
       0
       0
       0
       1
       0
       0
       0
       0
       0
       0
       0
       0
       1
       1
       0
       0
       1
       0
       0
       0
       0
       0
       0
       0
       1
       0
       0
       0
       1
       0
       0
       0
       0
       0
       0
       0
       0
       0
       0
       0
       0
       0
       0
       0
       0
       1
       0
       0
       0
       1
       0
       0
       1
       0
       1
       1
       1
       1
       1
       0
       1
       0
       0
       0
       0
       0
       2
       1
       0
       0
       0
       1
       1
       0
       0
       1
       2
       0
       0
       1
       0
       0
       0
       0
       0
       1
       0
       0
       0
       0
       0
       0
       0
       1
       0
       0
       0
       0
       0
       0
       0
       0
       0
       0
       0
$ROI:
3
24 57
296 426
560 760
$PRESETS:
None
0
0
$ENER_FIT:
-8.735224 1.899029
$MCA_CAL:
3
-8.735224E+000 1.899029E+000 0.000000E+000 keV
$SHAPE_CAL:
3
6.150479E+000 1.062013E-001 0.000000E+000
