$SPEC_ID:
No sample description was entered.
$SPEC_REM:
DET# 1
DETDESC# SPACESCIENCE4 digiBASE-RH SN 15121435
AP# Maestro Version 7.01
$DATE_MEA:
10/14/2024 15:45:10
$MEAS_TIM:
154 155
$DATA:
0 1023
       0
       0
       0
       0
       0
     304
    1304
    1142
    1252
    1717
    2303
    3190
    4149
    5291
    6318
    7249
    7310
    7166
    6733
    5760
    4806
    4035
    3489
    3464
    3574
    4337
    5262
    6372
    7507
    8791
    9843
   10549
   11089
   11206
   10597
    9905
    8854
    7492
    6319
    4939
    3840
    2843
    2095
    1454
     975
     693
     462
     333
     261
     208
     196
     171
     155
     133
     132
     150
     133
     120
     125
     134
     116
     109
     109
     121
      92
      93
     102
     115
      98
     101
      89
      83
      79
      78
      94
      88
      70
      79
      74
      84
      60
      61
      60
      68
      81
      78
      63
      66
      64
      65
      67
      57
      59
      53
      40
      46
      63
      50
      46
      45
      54
      63
      54
      55
      57
      60
      45
      46
      45
      50
      42
      50
      39
      46
      35
      27
      50
      39
      36
      55
      40
      40
      45
      47
      32
      32
      45
      29
      27
      32
      35
      31
      42
      32
      20
      29
      22
      34
      26
      26
      26
      31
      19
      25
      23
      23
      30
      16
      21
      23
      26
      19
      30
      27
      13
      13
      23
      19
      16
      29
      25
      23
      19
      24
      17
      22
      16
      20
      24
      30
      14
      15
      21
      19
      18
      13
      14
      13
      18
      16
      11
      20
      17
      16
      20
      17
      10
      14
       7
       9
      13
       8
       9
       9
      13
      16
      14
      14
      12
      12
      10
      14
      14
       8
      18
      14
       8
      11
       9
      15
       9
      12
      10
      13
      15
      14
       6
       6
      13
      10
       8
       4
      10
       7
       8
      17
       6
       5
       8
      12
       5
       7
       9
       8
       9
       7
       4
       5
       5
      10
       9
       9
       7
       4
       8
       8
       6
       6
       7
       8
       4
       7
       3
       6
       8
       2
       5
       6
       6
      13
       2
       5
       5
       1
       4
       9
       9
       4
      10
       6
       9
       8
       4
       7
       9
       5
       7
       4
      11
       5
       5
       2
       4
       8
       3
       6
       8
       5
       5
       4
       3
       6
       6
       7
       5
       4
       5
       5
       4
       2
       4
       4
      12
       5
      12
       2
       3
       4
       6
       7
       4
       4
       6
       5
       4
       5
       6
       4
       7
       7
       1
       3
       3
       4
       3
       6
       7
       1
       6
       6
       6
       3
       5
       5
       1
       3
       3
       5
       6
       5
       2
       3
       4
       4
       4
       3
       2
       3
       5
       6
       4
       5
       5
       6
       4
       3
       2
       4
       2
       3
       3
       4
       4
       2
       2
       4
       6
       4
       6
       8
       5
       3
       1
       5
       2
       2
       0
       1
       1
       3
       3
       1
       1
       1
       2
       2
       4
       1
       2
       5
       4
       3
       4
       1
       2
       2
       3
       7
       1
       2
       1
       3
       2
       1
       6
       0
       1
       4
       2
       3
       3
       3
       2
       3
       2
       3
       4
       1
       1
       5
       0
       2
       4
       5
       3
       3
       1
       2
       1
       5
       0
       0
       4
       3
       1
       4
       0
       3
       2
       0
       0
       5
       3
       1
       3
       1
       0
       1
       1
       3
       1
       0
       3
       2
       5
       4
       1
       1
       1
       3
       3
       5
       3
       2
       1
       1
       2
       1
       4
       2
       1
       1
       0
       0
       3
       1
       2
       1
       1
       2
       3
       2
       1
       6
       0
       4
       1
       1
       0
       1
       0
       3
       3
       0
       2
       2
       1
       0
       2
       2
       0
       4
       1
       1
       0
       0
       1
       2
       1
       5
       1
       2
       0
       1
       2
       2
       1
       1
       2
       1
       1
       2
       1
       2
       4
       2
       3
       1
       3
       3
       2
       2
       3
       2
       2
       2
       2
       0
       1
       1
       1
       1
       1
       5
       1
       2
       3
       1
       1
       4
       2
       1
       1
       3
       2
       1
       5
       2
       1
       3
       0
       0
       3
       1
       2
       0
       2
       3
       2
       1
       5
       3
       1
       1
       0
       0
       2
       0
       0
       1
       4
       0
       1
       0
       2
       0
       1
       1
       2
       0
       1
       0
       1
       1
       4
       1
       2
       1
       0
       0
       2
       1
       1
       2
       2
       1
       0
       1
       1
       3
       0
       1
       1
       2
       3
       4
       1
       1
       2
       0
       2
       1
       1
       1
       2
       0
       1
       1
       3
       0
       1
       1
       3
       0
       0
       4
       0
       1
       2
       0
       0
       1
       0
       1
       0
       0
       2
       0
       0
       1
       3
       0
       1
       1
       0
       0
       1
       1
       0
       1
       1
       1
       0
       1
       1
       1
       0
       1
       0
       1
       0
       2
       2
       1
       0
       3
       3
       2
       1
       0
       0
       1
       0
       3
       0
       0
       2
       2
       1
       2
       2
       1
       0
       0
       0
       1
       0
       1
       1
       3
       2
       2
       2
       0
       0
       2
       0
       3
       2
       2
       0
       1
       1
       1
       2
       1
       1
       1
       0
       0
       0
       1
       0
       0
       1
       0
       2
       1
       1
       1
       0
       3
       0
       0
       3
       1
       1
       2
       0
       0
       0
       0
       0
       2
       0
       2
       0
       1
       2
       1
       2
       1
       0
       1
       1
       1
       1
       1
       0
       2
       0
       0
       1
       1
       0
       0
       1
       0
       1
       0
       0
       2
       0
       0
       1
       1
       1
       1
       2
       0
       5
       0
       0
       1
       1
       2
       1
       0
       2
       0
       0
       1
       0
       1
       1
       2
       0
       1
       0
       1
       2
       1
       0
       0
       0
       1
       0
       0
       0
       0
       1
       0
       1
       0
       1
       0
       1
       0
       0
       1
       0
       1
       1
       0
       0
       0
       0
       0
       0
       0
       1
       0
       0
       0
       1
       1
       1
       0
       0
       0
       1
       0
       2
       1
       0
       0
       0
       1
       2
       1
       0
       0
       0
       0
       0
       0
       1
       1
       0
       0
       2
       0
       0
       1
       0
       0
       1
       0
       0
       0
       1
       1
       0
       0
       0
       0
       1
       1
       0
       2
       1
       0
       0
       0
       0
       1
       1
       0
       0
       0
       0
       0
       0
       0
       0
       0
       0
       2
       0
       2
       0
       0
       1
       1
       0
       1
       0
       1
       0
       0
       0
       0
       1
       0
       0
       1
       0
       0
       2
       0
       0
       0
       0
       0
       1
       0
       0
       0
       0
       0
       0
       0
       0
       0
       0
       0
       0
       0
       1
       1
       1
       0
       0
       0
       0
       0
       0
       1
       0
       0
       0
       0
       0
       0
       1
       0
       0
       0
       0
       1
       0
       1
       0
       0
       0
       0
       0
       0
       0
       1
       0
       1
       0
       1
       1
       0
       0
       0
       0
       0
       0
       1
       0
       0
       0
       0
       1
       0
       0
       0
       0
       0
       0
       0
       1
       0
       0
       0
       0
       0
       0
       0
       0
       0
       0
       0
       1
       0
       0
       0
       0
       0
       0
       0
       0
       0
       0
       0
       0
       1
       0
       1
       0
       0
$ROI:
3
24 57
296 426
560 760
$PRESETS:
None
0
0
$ENER_FIT:
-8.735224 1.899029
$MCA_CAL:
3
-8.735224E+000 1.899029E+000 0.000000E+000 keV
$SHAPE_CAL:
3
6.150479E+000 1.062013E-001 0.000000E+000
